      0/49     2.49G   0.09383   0.03244   0.02416    0.1504         8       640         0         0   0.06886   0.01464    0.0399    0.0248   0.01363
      1/49     2.52G    0.0598   0.03148   0.02127    0.1126        14       640    0.2671  0.002857    0.2868   0.08359   0.02632   0.02273   0.01214
      2/49     2.52G   0.04655   0.02911   0.01862   0.09428        11       640    0.3643    0.5864    0.5027      0.22   0.02179   0.01877   0.01142
      3/49     2.52G   0.04504   0.02735    0.0191   0.09149        10       640    0.2208    0.9766    0.7096     0.295   0.01958    0.0153    0.0101
      4/49     2.52G   0.03988   0.02193   0.01665   0.07846        12       640    0.1721    0.9659    0.5887    0.2857   0.02262   0.01203  0.008811
      5/49     2.52G   0.03567   0.01936   0.01627    0.0713        10       640    0.2856    0.9896    0.8556    0.5104   0.01948  0.009941  0.006353
      6/49     2.52G   0.03573   0.01657   0.01434   0.06663         6       640    0.5567    0.9792    0.9609    0.6516   0.01515   0.00872   0.00458
      7/49     2.52G   0.03535   0.01661   0.01103   0.06299         8       640      0.26     0.987    0.6937     0.352   0.02417  0.008629  0.002665
      8/49     2.52G     0.038   0.01514   0.01013   0.06327        12       640    0.6477    0.9878    0.9446    0.5316   0.01607  0.007797  0.001966
      9/49     2.52G   0.03453   0.01448    0.0102   0.05922        12       640    0.5415    0.9777    0.8482    0.5348   0.01714  0.008547  0.001689
     10/49     2.52G   0.03464   0.01422  0.007701   0.05656        11       640    0.6156    0.9896    0.9658    0.6681   0.01512  0.007179  0.002752
     11/49     2.52G   0.03438   0.01269  0.006922     0.054         6       640    0.5683    0.9974    0.9013    0.5839   0.01703  0.007013  0.002011
     12/49     2.52G    0.0342   0.01323  0.007461   0.05489        10       640    0.7309     0.987    0.9626    0.6756   0.01525  0.007374  0.001934
     13/49     2.52G   0.03368   0.01332  0.007288   0.05429        12       640    0.7806    0.9974    0.9901    0.6672   0.01684  0.006597  0.001279
     14/49     2.52G   0.03645   0.01241  0.007681   0.05654        11       640    0.4459      0.95    0.7899    0.4745   0.02051  0.008587  0.003315
     15/49     2.52G   0.03339   0.01221  0.006415   0.05202         9       640     0.695    0.9974    0.9899    0.7024   0.01518  0.006845  0.001291
     16/49     2.52G   0.03035   0.01149  0.006458    0.0483         9       640    0.8813    0.9896    0.9867    0.7087   0.01394  0.006499   0.00293
     17/49     2.52G   0.03561   0.01259  0.008734   0.05693        10       640    0.6784    0.9818    0.8703    0.5301   0.01547  0.007566  0.001895
     18/49     2.52G   0.03189   0.01266  0.006244   0.05079        14       640    0.8615    0.9888    0.9876    0.6695   0.01647  0.006774 0.0009341
     19/49     2.52G   0.03405   0.01241  0.005101   0.05156        10       640    0.7931    0.9974    0.9922    0.6839   0.01313  0.006793  0.001173
     20/49     2.52G   0.03395   0.01122  0.004641   0.04981        12       640    0.5667    0.9948    0.9622    0.6674   0.01704  0.006205 0.0008173
     21/49     2.52G   0.02987   0.01112  0.006056   0.04704        13       640    0.9081         1    0.9936    0.7998   0.01247  0.005942 0.0009927
     22/49     2.52G   0.02799   0.01099  0.004667   0.04365        10       640    0.7881         1    0.9923    0.7646   0.01159  0.006579   0.00074
     23/49     2.52G   0.02926   0.01099  0.004809   0.04506        10       640    0.8353    0.9974    0.9819    0.6972   0.01314  0.006649 0.0008509
     24/49     2.52G   0.02615    0.0113  0.004137   0.04159        13       640    0.5979    0.9841    0.9566    0.6812   0.01295  0.008037   0.00106
     25/49     2.52G   0.02569   0.01137  0.005225   0.04229        10       640     0.848    0.9974    0.9917    0.7364   0.01187  0.006243  0.001108
     26/49     2.52G   0.02656   0.01108  0.005592   0.04323        11       640    0.7938    0.9974     0.991    0.7745   0.01309  0.006313 0.0006993
     27/49     2.52G     0.026   0.01137  0.004432    0.0418        10       640    0.9295    0.9974     0.995    0.7955  0.009254   0.00544 0.0005936
     28/49     2.52G   0.02524   0.01068  0.003094   0.03902        11       640    0.9525    0.9974    0.9951    0.7779   0.01113  0.005409  0.000564
     29/49     2.52G   0.02212   0.01033  0.002873   0.03532        10       640    0.9671    0.9974    0.9954    0.8347  0.009435   0.00511 0.0004866
     30/49     2.52G   0.02211   0.01016  0.003148   0.03542        10       640    0.9512         1    0.9954    0.8256  0.008707  0.005169  0.000459
     31/49     2.52G    0.0206   0.01027  0.002266   0.03313        10       640    0.9319         1    0.9955    0.7845  0.008703  0.005275 0.0004075
     32/49     2.52G   0.02174   0.01027  0.003321   0.03533        10       640    0.9533         1    0.9957    0.8562  0.008025   0.00493 0.0004102
     33/49     2.52G   0.01729  0.009443  0.001974    0.0287        14       640    0.9532         1    0.9957    0.8464  0.007537   0.00479 0.0003951
     34/49     2.52G   0.01817  0.009192  0.004345    0.0317        10       640    0.9481         1    0.9956    0.8427  0.007888  0.004696 0.0003972
     35/49     2.52G   0.01768  0.009542  0.003288   0.03051        10       640    0.9491         1    0.9957     0.844  0.007601  0.004605 0.0003815
     36/49     2.52G   0.01803  0.009481  0.002414   0.02993        10       640    0.9571         1    0.9957    0.8604  0.006803  0.004545 0.0003285
     37/49     2.52G   0.01583  0.009265  0.001748   0.02684        10       640    0.9747         1    0.9956    0.8552  0.007066  0.004539 0.0002896
     38/49     2.52G   0.01604  0.008675  0.003325   0.02804         8       640    0.9853         1    0.9957    0.8554  0.007095  0.004502 0.0002575
     39/49     2.52G   0.01539  0.008683  0.001922   0.02599        10       640    0.9769         1    0.9958    0.8676  0.006566  0.004474 0.0002378
     40/49     2.52G   0.01453   0.00864  0.001907   0.02508        10       640    0.9701         1    0.9959    0.8708  0.006329  0.004355 0.0002268
     41/49     2.52G   0.01405  0.008682  0.003177   0.02591         9       640    0.9778         1    0.9959    0.8711  0.006414  0.004314 0.0002052
     42/49     2.52G   0.01526  0.008873  0.002915   0.02705        11       640    0.9773         1    0.9959    0.8732   0.00644  0.004318 0.0002003
     43/49     2.52G     0.014  0.009082  0.002101   0.02519        10       640    0.9777         1    0.9959    0.8746  0.006412   0.00433 0.0001928
     44/49     2.52G   0.01678   0.00874  0.003199   0.02871        11       640    0.9681         1    0.9959    0.8725  0.006214  0.004361 0.0002023
     45/49     2.52G   0.01571  0.008987  0.001751   0.02644        11       640    0.9781         1    0.9959    0.8752  0.006144  0.004268 0.0001802
     46/49     2.52G   0.01465  0.009471  0.001839   0.02596        12       640      0.98         1    0.9959    0.8769  0.006101  0.004234 0.0001594
     47/49     2.52G   0.01336  0.008693  0.002183   0.02424        11       640    0.9824         1    0.9959    0.8767  0.006113  0.004233 0.0001556
     48/49     2.52G    0.0154  0.008854  0.002033   0.02629        12       640    0.9825         1    0.9959    0.8747   0.00611   0.00423 0.0001531
     49/49     2.52G   0.01544  0.008725  0.002385   0.02655        11       640     0.983         1    0.9959    0.8757  0.006084  0.004218 0.0001484
