      0/49     5.15G    0.1031   0.03338         0    0.1364        25       640         0         0   0.01007  0.001868   0.05566   0.02996         0
      1/49     5.16G   0.09129   0.03113         0    0.1224        29       640         0         0   0.01206  0.002076   0.04674   0.02739         0
      2/49     5.16G   0.08593   0.03065         0    0.1166        29       640         0         0   0.01916  0.003361   0.04026   0.02576         0
      3/49     5.16G   0.07695   0.03041         0    0.1074        29       640         0         0   0.02889  0.005383   0.03808    0.0241         0
      4/49     5.16G   0.06541   0.03111         0   0.09652        35       640         0         0     0.156   0.03704   0.03504   0.02313         0
      5/49     5.16G   0.05868   0.03116         0   0.08983        36       640     0.397   0.01048    0.2518   0.06597   0.03068   0.02202         0
      6/49     5.16G   0.04493   0.03159         0   0.07653        30       640    0.6474    0.3109    0.4736    0.1402   0.02745   0.02045         0
      7/49     5.16G   0.04394   0.02767         0    0.0716        35       640    0.3209    0.8942    0.6272     0.244   0.02514   0.01869         0
      8/49     5.16G   0.04636   0.02579         0   0.07215        34       640    0.1796    0.9841    0.7318    0.2999    0.0248   0.01779         0
      9/49     5.16G   0.04348   0.02469         0   0.06817        34       640    0.1622         1    0.8703    0.4325   0.02188   0.01711         0
     10/49     5.16G   0.03607   0.02269         0   0.05876        29       640    0.1752    0.9894    0.8935    0.4408   0.02181   0.01552         0
     11/49     5.16G   0.03573    0.0231         0   0.05884        26       640     0.292         1    0.9513    0.5836   0.01846   0.01446         0
     12/49     5.16G   0.03817   0.01913         0   0.05729        29       640    0.4422    0.9947    0.9734    0.6501    0.0183   0.01263         0
     13/49     5.16G   0.03826   0.01941         0   0.05766        33       640     0.402    0.9947    0.9247     0.649    0.0203   0.01143         0
     14/49     5.16G   0.04296   0.01899         0   0.06195        28       640    0.2836         1    0.7319    0.4483   0.02612   0.01111         0
     15/49     5.16G   0.03903   0.01667         0    0.0557        31       640    0.2946    0.9894    0.9162    0.5227   0.03469  0.009942         0
     16/49     5.16G    0.0441   0.01732         0   0.06143        37       640      0.37    0.9788    0.8915    0.6038   0.02764   0.01057         0
     17/49     5.16G   0.04009   0.01817         0   0.05827        32       640    0.4192    0.9928    0.9302    0.6143   0.02325  0.009802         0
     18/49     5.16G   0.04021    0.0177         0   0.05791        35       640     0.535    0.9861      0.96    0.6688   0.02003  0.009434         0
     19/49     5.16G   0.03455   0.01686         0   0.05141        34       640    0.4302    0.9947    0.9446    0.6025   0.02586  0.009188         0
     20/49     5.16G   0.03485   0.01509         0   0.04994        32       640    0.4214    0.9947     0.927    0.6682   0.01924  0.008687         0
     21/49     5.16G    0.0329   0.01521         0   0.04811        24       640    0.6371    0.9947    0.9884    0.7139   0.02069  0.008692         0
     22/49     5.16G   0.03535   0.01567         0   0.05102        27       640    0.7184    0.9947    0.9915    0.7019   0.01616  0.008386         0
     23/49     5.16G   0.03395   0.01546         0    0.0494        31       640    0.7269    0.9947    0.9916    0.7334   0.01528  0.008185         0
     24/49     5.16G   0.03014   0.01387         0     0.044        24       640    0.7325    0.9947    0.9895    0.7092   0.01832  0.008118         0
     25/49     5.16G    0.0351   0.01456         0   0.04966        34       640    0.8197         1    0.9932     0.787   0.01483  0.007742         0
     26/49     5.16G   0.03135   0.01425         0    0.0456        30       640    0.8105         1    0.9938    0.7688   0.01504  0.007539         0
     27/49     5.16G   0.03338    0.0145         0   0.04788        33       640    0.6095    0.9947    0.9397    0.7188   0.01721  0.007455         0
     28/49     5.16G   0.02864    0.0134         0   0.04203        28       640      0.64         1    0.9693    0.7532   0.01914  0.007268         0
     29/49     5.16G   0.03604   0.01393         0   0.04996        29       640    0.8137         1    0.9931    0.7898   0.01636  0.007032         0
     30/49     5.16G   0.03423   0.01371         0   0.04794        33       640    0.8497         1    0.9938     0.779   0.01581  0.006795         0
     31/49     5.16G   0.03455   0.01237         0   0.04692        25       640    0.7191         1    0.9825    0.7963   0.01488  0.006746         0
     32/49     5.16G   0.02553   0.01319         0   0.03871        25       640    0.8529         1    0.9949    0.7783   0.01378  0.006743         0
     33/49     5.16G   0.02774   0.01228         0   0.04002        24       640    0.8658         1    0.9949    0.8086   0.01275  0.006651         0
     34/49     5.16G   0.02452   0.01276         0   0.03728        37       640    0.8311         1    0.9916    0.7655   0.01338  0.006558         0
     35/49     5.16G   0.02709    0.0125         0   0.03958        30       640    0.8537         1     0.995    0.8142   0.01136  0.006459         0
     36/49     5.16G   0.02772   0.01269         0   0.04041        33       640    0.8565         1     0.995    0.8105   0.01349  0.006509         0
     37/49     5.16G   0.02503   0.01326         0   0.03829        30       640    0.8441         1     0.995    0.7911   0.01082  0.006396         0
     38/49     5.16G   0.02397   0.01182         0   0.03579        32       640    0.8188         1     0.995    0.8053    0.0106  0.006378         0
     39/49     5.16G   0.02289   0.01186         0   0.03474        31       640    0.8468         1     0.995    0.8103   0.01092  0.006219         0
     40/49     5.16G   0.02635   0.01212         0   0.03847        37       640    0.8909         1     0.995    0.8235   0.01013  0.006046         0
     41/49     5.16G    0.0248   0.01202         0   0.03681        35       640     0.896         1     0.995    0.8355  0.009481  0.005928         0
     42/49     5.16G   0.02093   0.01151         0   0.03244        28       640    0.8843         1     0.995    0.8347  0.009927  0.005923         0
     43/49     5.16G   0.02289   0.01227         0   0.03517        31       640    0.8788         1     0.995    0.8353  0.009676  0.005926         0
     44/49     5.16G   0.01849   0.01174         0   0.03023        32       640    0.8923         1     0.995    0.8358  0.009937  0.005937         0
     45/49     5.16G   0.02247   0.01283         0    0.0353        29       640    0.8816         1     0.995     0.833  0.009127  0.005871         0
     46/49     5.16G   0.02002    0.0123         0   0.03232        31       640    0.8658         1     0.995     0.832  0.009358  0.005881         0
     47/49     5.16G   0.01548   0.01076         0   0.02624        30       640    0.8721         1     0.995    0.8339  0.009057  0.005848         0
     48/49     5.16G    0.0213   0.01228         0   0.03358        30       640    0.8862         1     0.995    0.8354  0.009022   0.00582         0
     49/49     5.16G    0.0186   0.01186         0   0.03046        34       640    0.8971         1     0.995    0.8346  0.008991  0.005801         0
